2021-03-21 17:10:50.945716 innan data send
2021-03-21 17:10:50.946529 innan data send
2021-03-21 17:10:50.946711 innan data send
2021-03-21 17:10:50.946871 innan data send
2021-03-21 17:10:51.098896 Status = 200
2021-03-21 17:10:51.200435 Status = 200
2021-03-21 17:10:51.352869 Status = 200
2021-03-21 17:10:51.503912 Status = 200
2021-03-21 17:10:51.654985 Status = 200
2021-03-21 17:10:51.755907 Status = 200
2021-03-21 17:10:51.906859 Status = 200
2021-03-21 17:11:56.720173 onHeartbeat
2021-03-21 17:11:56.822753 Entered CheckInternet
2021-03-21 17:11:56.823125 Ping
2021-03-21 17:11:56.920889 Internet is OK
2021-03-21 17:11:56.921272 Get Token
2021-03-21 17:11:56.921479 innan token send
2021-03-21 17:11:57.426580 Status = 200
2021-03-21 17:11:57.481080 Entered CheckInternet
2021-03-21 17:11:57.481456 Ping
2021-03-21 17:11:57.851997 Internet is OK
2021-03-21 17:11:57.852346 Get Data
2021-03-21 17:11:57.852555 innan data send
2021-03-21 17:11:57.852734 innan data send
2021-03-21 17:11:57.852895 innan data send
2021-03-21 17:11:57.853123 innan data send
2021-03-21 17:11:57.853294 innan data send
2021-03-21 17:11:57.853514 innan data send
2021-03-21 17:11:57.853713 innan data send
2021-03-21 17:11:58.008583 Status = 200
2021-03-21 17:11:58.310044 Status = 200
2021-03-21 17:11:58.411003 Status = 200
2021-03-21 17:11:58.511927 Status = 200
2021-03-21 17:11:58.662939 Status = 200
2021-03-21 17:11:58.763868 Status = 200
2021-03-21 17:11:58.864729 Status = 200
2021-03-21 17:13:06.393425 onHeartbeat
2021-03-21 17:13:06.446451 Entered CheckInternet
2021-03-21 17:13:06.446786 Ping
2021-03-21 17:13:06.541107 Internet is OK
2021-03-21 17:13:06.541454 Get Token
2021-03-21 17:13:06.541661 innan token send
2021-03-21 17:13:06.593908 Status = 200
2021-03-21 17:13:06.647930 Entered CheckInternet
2021-03-21 17:13:06.648299 Ping
2021-03-21 17:13:06.746055 Internet is OK
2021-03-21 17:13:06.746285 Get Data
2021-03-21 17:13:06.746410 innan data send
2021-03-21 17:13:06.746521 innan data send
2021-03-21 17:13:06.746688 innan data send
2021-03-21 17:13:06.746856 innan data send
2021-03-21 17:13:06.747023 innan data send
2021-03-21 17:13:06.747245 innan data send
2021-03-21 17:13:06.747420 innan data send
2021-03-21 17:13:06.900561 Status = 200
2021-03-21 17:13:07.052289 Status = 200
2021-03-21 17:13:07.153945 Status = 200
2021-03-21 17:13:07.255251 Status = 200
2021-03-21 17:13:07.456953 Status = 200
2021-03-21 17:13:07.558042 Status = 200
2021-03-21 17:13:07.658931 Status = 200
2021-03-21 17:14:18.391991 onHeartbeat
2021-03-21 17:14:18.494037 Entered CheckInternet
2021-03-21 17:14:18.494219 Ping
2021-03-21 17:14:18.586136 Internet is OK
2021-03-21 17:14:18.586491 Get Token
2021-03-21 17:14:18.586696 innan token send
2021-03-21 17:14:18.638880 Status = 200
2021-03-21 17:14:18.693480 Entered CheckInternet
2021-03-21 17:14:18.693852 Ping
2021-03-21 17:14:18.786836 Internet is OK
2021-03-21 17:14:18.787166 Get Data
2021-03-21 17:14:18.787365 innan data send
2021-03-21 17:14:18.787624 innan data send
2021-03-21 17:14:18.787876 innan data send
2021-03-21 17:14:18.788124 innan data send
2021-03-21 17:14:18.788371 innan data send
2021-03-21 17:14:18.788535 innan data send
2021-03-21 17:14:18.788789 innan data send
2021-03-21 17:14:18.941964 Status = 200
2021-03-21 17:14:19.093538 Status = 200
2021-03-21 17:14:19.195001 Status = 200
2021-03-21 17:14:19.296868 Status = 200
2021-03-21 17:14:19.448833 Status = 200
2021-03-21 17:14:19.549805 Status = 200
2021-03-21 17:14:19.700874 Status = 200
2021-03-21 17:15:26.543054 onHeartbeat
2021-03-21 17:15:26.645306 Entered CheckInternet
2021-03-21 17:15:26.645513 Ping
2021-03-21 17:15:26.738260 Internet is OK
2021-03-21 17:15:26.738558 Get Token
2021-03-21 17:15:26.738736 innan token send
2021-03-21 17:15:26.794183 Status = 200
2021-03-21 17:15:26.853501 Entered CheckInternet
2021-03-21 17:15:26.853793 Ping
2021-03-21 17:15:26.945179 Internet is OK
2021-03-21 17:15:26.945641 Get Data
2021-03-21 17:15:26.945958 innan data send
2021-03-21 17:15:26.946184 innan data send
2021-03-21 17:15:26.946431 innan data send
2021-03-21 17:15:26.946702 innan data send
2021-03-21 17:15:26.946978 innan data send
2021-03-21 17:15:26.947272 innan data send
2021-03-21 17:15:26.947713 innan data send
2021-03-21 17:15:27.105083 Status = 200
2021-03-21 17:15:27.260946 Status = 200
2021-03-21 17:15:27.365875 Status = 200
2021-03-21 17:15:27.471270 Status = 200
2021-03-21 17:15:27.572784 Status = 200
2021-03-21 17:15:27.728802 Status = 200
2021-03-21 17:15:27.829695 Status = 200
2021-03-21 17:16:33.145813 onHeartbeat
2021-03-21 17:16:33.248187 Entered CheckInternet
2021-03-21 17:16:33.248500 Ping
2021-03-21 17:16:33.342536 Internet is OK
2021-03-21 17:16:33.342720 Get Token
2021-03-21 17:16:33.342814 innan token send
2021-03-21 17:16:33.394849 Status = 200
2021-03-21 17:16:33.448639 Entered CheckInternet
2021-03-21 17:16:33.449010 Ping
2021-03-21 17:16:33.547453 Internet is OK
2021-03-21 17:16:33.547806 Get Data
2021-03-21 17:16:33.548013 innan data send
2021-03-21 17:16:33.548192 innan data send
2021-03-21 17:16:33.548429 innan data send
2021-03-21 17:16:33.548670 innan data send
2021-03-21 17:16:33.548905 innan data send
2021-03-21 17:16:33.549073 innan data send
2021-03-21 17:16:33.549393 innan data send
2021-03-21 17:16:33.702465 Status = 200
2021-03-21 17:16:33.854251 Status = 200
2021-03-21 17:16:34.005764 Status = 200
2021-03-21 17:16:34.107368 Status = 200
2021-03-21 17:16:34.259328 Status = 200
2021-03-21 17:16:34.360258 Status = 200
2021-03-21 17:16:34.461147 Status = 200
2021-03-21 17:17:43.720396 onHeartbeat
2021-03-21 17:17:43.823282 Entered CheckInternet
2021-03-21 17:17:43.823652 Ping
2021-03-21 17:17:43.917702 Internet is OK
2021-03-21 17:17:43.918074 Get Token
2021-03-21 17:17:43.918282 innan token send
2021-03-21 17:17:44.020991 Status = 200
2021-03-21 17:17:44.074312 Entered CheckInternet
2021-03-21 17:17:44.074712 Ping
2021-03-21 17:17:44.166236 Internet is OK
2021-03-21 17:17:44.166584 Get Data
2021-03-21 17:17:44.166785 innan data send
2021-03-21 17:17:44.166965 innan data send
2021-03-21 17:17:44.167126 innan data send
2021-03-21 17:17:44.167355 innan data send
2021-03-21 17:17:44.167592 innan data send
2021-03-21 17:17:44.167824 innan data send
2021-03-21 17:17:44.168170 innan data send
2021-03-21 17:17:44.320427 Status = 200
2021-03-21 17:17:44.422402 Status = 200
2021-03-21 17:17:44.574471 Status = 200
2021-03-21 17:17:44.726159 Status = 200
2021-03-21 17:17:44.928268 Status = 200
2021-03-21 17:17:45.079320 Status = 200
2021-03-21 17:17:45.230380 Status = 200
2021-03-21 17:18:56.740217 onHeartbeat
2021-03-21 17:18:56.843050 Entered CheckInternet
2021-03-21 17:18:56.843423 Ping
2021-03-21 17:18:56.940136 Internet is OK
2021-03-21 17:18:56.940487 Get Token
2021-03-21 17:18:56.940689 innan token send
2021-03-21 17:18:57.042859 Status = 200
2021-03-21 17:18:57.101461 Entered CheckInternet
2021-03-21 17:18:57.101837 Ping
2021-03-21 17:18:57.576022 Internet is OK
2021-03-21 17:18:57.576359 Get Data
2021-03-21 17:18:57.576558 innan data send
2021-03-21 17:18:57.576734 innan data send
2021-03-21 17:18:57.576959 innan data send
2021-03-21 17:18:57.577132 innan data send
2021-03-21 17:18:57.577238 innan data send
2021-03-21 17:18:57.577395 innan data send
2021-03-21 17:18:57.577532 innan data send
2021-03-21 17:18:57.730733 Status = 200
2021-03-21 17:18:57.832208 Status = 200
2021-03-21 17:18:57.932981 Status = 200
2021-03-21 17:18:58.034450 Status = 200
2021-03-21 17:18:58.186316 Status = 200
2021-03-21 17:18:58.338388 Status = 200
2021-03-21 17:18:58.439304 Status = 200
2021-03-21 17:20:04.407331 onHeartbeat
2021-03-21 17:20:04.458912 Entered CheckInternet
2021-03-21 17:20:04.459101 Ping
2021-03-21 17:20:04.558281 Internet is OK
2021-03-21 17:20:04.558530 Get Token
2021-03-21 17:20:04.558657 innan token send
2021-03-21 17:20:04.610185 Status = 200
2021-03-21 17:20:04.662908 Entered CheckInternet
2021-03-21 17:20:04.663109 Ping
2021-03-21 17:20:04.751059 Internet is OK
2021-03-21 17:20:04.751376 Get Data
2021-03-21 17:20:04.751572 innan data send
2021-03-21 17:20:04.751741 innan data send
2021-03-21 17:20:04.751946 innan data send
2021-03-21 17:20:04.752178 innan data send
2021-03-21 17:20:04.752522 innan data send
2021-03-21 17:20:04.752863 innan data send
2021-03-21 17:20:04.753244 innan data send
2021-03-21 17:20:04.905288 Status = 200
2021-03-21 17:20:05.006057 Status = 200
2021-03-21 17:20:05.107148 Status = 200
2021-03-21 17:20:05.258179 Status = 200
2021-03-21 17:20:05.409243 Status = 200
2021-03-21 17:20:05.610566 Status = 200
2021-03-21 17:20:05.711096 Status = 200
2021-03-21 17:21:16.493671 onHeartbeat
2021-03-21 17:21:16.596066 Entered CheckInternet
2021-03-21 17:21:16.596433 Ping
2021-03-21 17:21:16.698524 Internet is OK
2021-03-21 17:21:16.698897 Get Token
2021-03-21 17:21:16.699103 innan token send
2021-03-21 17:21:16.804161 Status = 200
2021-03-21 17:21:16.858591 Entered CheckInternet
2021-03-21 17:21:16.858997 Ping
2021-03-21 17:21:16.950269 Internet is OK
2021-03-21 17:21:16.950614 Get Data
2021-03-21 17:21:16.950853 innan data send
2021-03-21 17:21:16.951116 innan data send
2021-03-21 17:21:16.951364 innan data send
2021-03-21 17:21:16.951602 innan data send
2021-03-21 17:21:16.951836 innan data send
2021-03-21 17:21:16.952066 innan data send
2021-03-21 17:21:16.952233 innan data send
2021-03-21 17:21:17.163660 Status = 200
2021-03-21 17:21:17.272778 Status = 200
2021-03-21 17:21:17.477905 Status = 200
2021-03-21 17:21:17.579669 Status = 200
2021-03-21 17:21:17.684444 Status = 200
2021-03-21 17:21:17.789549 Status = 200
2021-03-21 17:21:17.890541 Status = 200
2021-03-21 17:22:24.674213 onHeartbeat
2021-03-21 17:22:24.778242 Entered CheckInternet
2021-03-21 17:22:24.778615 Ping
2021-03-21 17:22:24.873472 Internet is OK
2021-03-21 17:22:24.873821 Get Token
2021-03-21 17:22:24.874068 innan token send
2021-03-21 17:22:25.027376 Status = 200
2021-03-21 17:22:25.084272 Entered CheckInternet
2021-03-21 17:22:25.084646 Ping
2021-03-21 17:22:25.184503 Internet is OK
2021-03-21 17:22:25.184844 Get Data
2021-03-21 17:22:25.185048 innan data send
2021-03-21 17:22:25.185230 innan data send
2021-03-21 17:22:25.185393 innan data send
2021-03-21 17:22:25.185622 innan data send
2021-03-21 17:22:25.185872 innan data send
2021-03-21 17:22:25.186128 innan data send
2021-03-21 17:22:25.186441 innan data send
2021-03-21 17:22:25.339827 Status = 200
2021-03-21 17:22:25.491756 Status = 200
2021-03-21 17:22:25.593339 Status = 200
2021-03-21 17:22:25.694816 Status = 200
2021-03-21 17:22:25.845814 Status = 200
2021-03-21 17:22:25.997808 Status = 200
2021-03-21 17:22:26.098697 Status = 200
2021-03-21 17:23:34.392219 onHeartbeat
2021-03-21 17:23:34.495684 Entered CheckInternet
2021-03-21 17:23:34.496069 Ping
2021-03-21 17:23:34.595761 Internet is OK
2021-03-21 17:23:34.596114 Get Token
2021-03-21 17:23:34.596315 innan token send
2021-03-21 17:23:35.306605 Status = 200
2021-03-21 17:23:35.363299 Entered CheckInternet
2021-03-21 17:23:35.363688 Ping
2021-03-21 17:23:35.457556 Internet is OK
2021-03-21 17:23:35.457903 Get Data
2021-03-21 17:23:35.458187 innan data send
2021-03-21 17:23:35.458383 innan data send
2021-03-21 17:23:35.458629 innan data send
2021-03-21 17:23:35.458885 innan data send
2021-03-21 17:23:35.459061 innan data send
2021-03-21 17:23:35.459291 innan data send
2021-03-21 17:23:35.459637 innan data send
2021-03-21 17:23:35.612469 Status = 200
2021-03-21 17:23:35.764981 Status = 200
2021-03-21 17:23:35.966672 Status = 200
2021-03-21 17:23:36.068387 Status = 200
2021-03-21 17:23:36.320549 Status = 200
2021-03-21 17:23:36.522596 Status = 200
2021-03-21 17:23:36.624308 Status = 200
2021-03-21 17:24:44.845229 onHeartbeat
2021-03-21 17:24:44.948055 Entered CheckInternet
2021-03-21 17:24:44.948429 Ping
2021-03-21 17:24:45.047961 Internet is OK
2021-03-21 17:24:45.048318 Get Token
2021-03-21 17:24:45.048523 innan token send
2021-03-21 17:24:45.101418 Status = 200
2021-03-21 17:24:45.159717 Entered CheckInternet
2021-03-21 17:24:45.160089 Ping
2021-03-21 17:24:45.251052 Internet is OK
2021-03-21 17:24:45.251420 Get Data
2021-03-21 17:24:45.251634 innan data send
2021-03-21 17:24:45.251816 innan data send
2021-03-21 17:24:45.251979 innan data send
2021-03-21 17:24:45.252213 innan data send
2021-03-21 17:24:45.252417 innan data send
2021-03-21 17:24:45.252574 innan data send
2021-03-21 17:24:45.252870 innan data send
2021-03-21 17:24:45.456298 Status = 200
2021-03-21 17:24:45.558092 Status = 200
2021-03-21 17:24:45.709871 Status = 200
2021-03-21 17:24:45.861588 Status = 200
2021-03-21 17:24:45.963227 Status = 200
2021-03-21 17:24:46.114544 Status = 200
2021-03-21 17:24:46.215446 Status = 200
2021-03-21 17:25:56.415168 onHeartbeat
2021-03-21 17:25:56.517179 Entered CheckInternet
2021-03-21 17:25:56.517554 Ping
2021-03-21 17:25:56.612788 Internet is OK
2021-03-21 17:25:56.613148 Get Token
2021-03-21 17:25:56.613356 innan token send
2021-03-21 17:25:56.665261 Status = 200
2021-03-21 17:25:56.720445 Entered CheckInternet
2021-03-21 17:25:56.720846 Ping
2021-03-21 17:25:56.815497 Internet is OK
2021-03-21 17:25:56.815731 Get Data
2021-03-21 17:25:56.815855 innan data send
2021-03-21 17:25:56.815972 innan data send
2021-03-21 17:25:56.816145 innan data send
2021-03-21 17:25:56.816296 innan data send
2021-03-21 17:25:56.816465 innan data send
2021-03-21 17:25:56.816577 innan data send
2021-03-21 17:25:56.816764 innan data send
2021-03-21 17:25:56.969075 Status = 200
2021-03-21 17:25:57.070377 Status = 200
2021-03-21 17:25:57.221238 Status = 200
2021-03-21 17:25:57.322126 Status = 200
2021-03-21 17:25:57.423327 Status = 200
2021-03-21 17:25:57.574250 Status = 200
2021-03-21 17:25:57.674911 Status = 200
2021-03-21 17:27:06.538493 onHeartbeat
2021-03-21 17:27:06.641395 Entered CheckInternet
2021-03-21 17:27:06.641768 Ping
2021-03-21 17:27:06.738113 Internet is OK
2021-03-21 17:27:06.738280 Get Token
2021-03-21 17:27:06.738362 innan token send
2021-03-21 17:27:06.789177 Status = 200
2021-03-21 17:27:06.843766 Entered CheckInternet
2021-03-21 17:27:06.844139 Ping
2021-03-21 17:27:06.941574 Internet is OK
2021-03-21 17:27:06.941914 Get Data
2021-03-21 17:27:06.942182 innan data send
2021-03-21 17:27:06.942435 innan data send
2021-03-21 17:27:06.942685 innan data send
2021-03-21 17:27:06.942937 innan data send
2021-03-21 17:27:06.943176 innan data send
2021-03-21 17:27:06.943410 innan data send
2021-03-21 17:27:06.943704 innan data send
2021-03-21 17:27:07.095554 Status = 200
2021-03-21 17:27:07.707415 Status = 200
2021-03-21 17:27:07.859212 Status = 200
2021-03-21 17:27:08.010825 Status = 200
2021-03-21 17:27:08.112096 Status = 200
2021-03-21 17:27:08.263500 Status = 200
2021-03-21 17:27:08.364364 Status = 200
2021-03-21 17:28:20.527714 onHeartbeat
2021-03-21 17:28:20.629885 Entered CheckInternet
2021-03-21 17:28:20.630281 Ping
2021-03-21 17:28:20.727563 Internet is OK
2021-03-21 17:28:20.727958 Get Token
2021-03-21 17:28:20.728192 innan token send
2021-03-21 17:28:20.780685 Status = 200
2021-03-21 17:28:20.884078 Entered CheckInternet
2021-03-21 17:28:20.884490 Ping
2021-03-21 17:28:20.984489 Internet is OK
2021-03-21 17:28:20.984842 Get Data
2021-03-21 17:28:20.985035 innan data send
2021-03-21 17:28:20.985213 innan data send
2021-03-21 17:28:20.985373 innan data send
2021-03-21 17:28:20.985571 innan data send
2021-03-21 17:28:20.985801 innan data send
2021-03-21 17:28:20.986077 innan data send
2021-03-21 17:28:20.986587 innan data send
2021-03-21 17:28:21.238874 Status = 200
2021-03-21 17:28:21.344102 Status = 200
2021-03-21 17:28:21.858210 Status = 200
2021-03-21 17:28:21.959692 Status = 200
2021-03-21 17:28:22.115162 Status = 200
2021-03-21 17:28:22.269815 Status = 200
2021-03-21 17:28:22.721547 Status = 200
2021-03-21 17:29:29.315412 onHeartbeat
2021-03-21 17:29:29.515148 Entered CheckInternet
2021-03-21 17:29:29.515535 Ping
2021-03-21 17:29:29.639996 Internet is OK
2021-03-21 17:29:29.640356 Get Token
2021-03-21 17:29:29.640574 innan token send
2021-03-21 17:29:29.692970 Status = 200
2021-03-21 17:29:29.752894 Entered CheckInternet
2021-03-21 17:29:29.753263 Ping
2021-03-21 17:29:29.878527 Internet is OK
2021-03-21 17:29:29.878881 Get Data
2021-03-21 17:29:29.879106 innan data send
2021-03-21 17:29:29.879299 innan data send
2021-03-21 17:29:29.879539 innan data send
2021-03-21 17:29:29.879786 innan data send
2021-03-21 17:29:29.879990 innan data send
2021-03-21 17:29:29.880335 innan data send
2021-03-21 17:29:29.880586 innan data send
2021-03-21 17:29:30.034751 Status = 200
2021-03-21 17:29:30.186406 Status = 200
2021-03-21 17:29:30.288112 Status = 200
2021-03-21 17:29:30.439776 Status = 200
2021-03-21 17:29:30.591952 Status = 200
2021-03-21 17:29:30.692953 Status = 200
2021-03-21 17:29:30.944233 Status = 200
2021-03-21 17:30:38.808296 onHeartbeat
2021-03-21 17:30:38.911421 Entered CheckInternet
2021-03-21 17:30:38.911792 Ping
2021-03-21 17:30:39.019485 Internet is OK
2021-03-21 17:30:39.019844 Get Token
2021-03-21 17:30:39.020046 innan token send
2021-03-21 17:30:39.123096 Status = 200
2021-03-21 17:30:39.177693 Entered CheckInternet
2021-03-21 17:30:39.178118 Ping
2021-03-21 17:30:39.274553 Internet is OK
2021-03-21 17:30:39.274897 Get Data
2021-03-21 17:30:39.275101 innan data send
2021-03-21 17:30:39.275281 innan data send
2021-03-21 17:30:39.275442 innan data send
2021-03-21 17:30:39.275669 innan data send
2021-03-21 17:30:39.275841 innan data send
2021-03-21 17:30:39.276059 innan data send
2021-03-21 17:30:39.276305 innan data send
2021-03-21 17:30:39.429900 Status = 200
2021-03-21 17:30:39.834460 Status = 200
2021-03-21 17:30:39.935429 Status = 200
2021-03-21 17:30:40.086385 Status = 200
2021-03-21 17:30:40.187382 Status = 200
2021-03-21 17:30:40.338403 Status = 200
2021-03-21 17:30:40.439393 Status = 200
2021-03-21 17:31:46.424301 onHeartbeat
2021-03-21 17:31:46.527211 Entered CheckInternet
2021-03-21 17:31:46.527585 Ping
2021-03-21 17:31:46.622864 Internet is OK
2021-03-21 17:31:46.623234 Get Token
2021-03-21 17:31:46.623437 innan token send
2021-03-21 17:31:46.676152 Status = 200
2021-03-21 17:31:46.732419 Entered CheckInternet
2021-03-21 17:31:46.732796 Ping
2021-03-21 17:31:46.830975 Internet is OK
2021-03-21 17:31:46.831319 Get Data
2021-03-21 17:31:46.831523 innan data send
2021-03-21 17:31:46.831703 innan data send
2021-03-21 17:31:46.831935 innan data send
2021-03-21 17:31:46.832179 innan data send
2021-03-21 17:31:46.832416 innan data send
2021-03-21 17:31:46.832660 innan data send
2021-03-21 17:31:46.832966 innan data send
2021-03-21 17:31:48.340013 Status = 200
2021-03-21 17:31:48.491053 Status = 200
2021-03-21 17:31:48.592555 Status = 200
2021-03-21 17:31:50.300188 Status = 200
2021-03-21 17:31:52.505166 Status = 200
2021-03-21 17:31:52.606116 Status = 200
2021-03-21 17:31:52.707032 Status = 200
2021-03-21 17:32:54.578209 onHeartbeat
2021-03-21 17:32:54.680996 Entered CheckInternet
2021-03-21 17:32:54.681387 Ping
2021-03-21 17:32:54.778242 Internet is OK
2021-03-21 17:32:54.778654 Get Token
2021-03-21 17:32:54.778899 innan token send
2021-03-21 17:32:54.832022 Status = 200
2021-03-21 17:32:54.888357 Entered CheckInternet
2021-03-21 17:32:54.888747 Ping
2021-03-21 17:32:54.984687 Internet is OK
2021-03-21 17:32:54.985028 Get Data
2021-03-21 17:32:54.985245 innan data send
2021-03-21 17:32:54.985434 innan data send
2021-03-21 17:32:54.985604 innan data send
2021-03-21 17:32:54.985838 innan data send
2021-03-21 17:32:54.986130 innan data send
2021-03-21 17:32:54.986374 innan data send
2021-03-21 17:32:54.986546 innan data send
2021-03-21 17:32:55.140659 Status = 200
2021-03-21 17:32:55.242269 Status = 200
2021-03-21 17:32:55.393909 Status = 200
2021-03-21 17:32:55.546174 Status = 200
2021-03-21 17:32:55.647186 Status = 200
2021-03-21 17:32:55.748178 Status = 200
2021-03-21 17:32:55.899239 Status = 200
2021-03-21 17:34:00.800540 onHeartbeat
2021-03-21 17:34:00.904599 Entered CheckInternet
2021-03-21 17:34:00.904949 Ping
2021-03-21 17:34:01.007754 Internet is OK
2021-03-21 17:34:01.008089 Get Token
2021-03-21 17:34:01.008281 innan token send
2021-03-21 17:34:01.060176 Status = 200
2021-03-21 17:34:01.114999 Entered CheckInternet
2021-03-21 17:34:01.115350 Ping
2021-03-21 17:34:01.213072 Internet is OK
2021-03-21 17:34:01.213392 Get Data
2021-03-21 17:34:01.213632 innan data send
2021-03-21 17:34:01.213875 innan data send
2021-03-21 17:34:01.214151 innan data send
2021-03-21 17:34:01.214313 innan data send
2021-03-21 17:34:01.214558 innan data send
2021-03-21 17:34:01.214783 innan data send
2021-03-21 17:34:01.215062 innan data send
2021-03-21 17:34:01.371662 Status = 200
2021-03-21 17:34:01.522647 Status = 200
2021-03-21 17:34:01.626978 Status = 200
2021-03-21 17:34:04.234400 Status = 200
2021-03-21 17:34:04.385544 Status = 200
2021-03-21 17:34:04.490485 Status = 200
2021-03-21 17:34:04.591258 Status = 200
2021-03-21 17:35:10.351947 onHeartbeat
2021-03-21 17:35:10.453607 Entered CheckInternet
2021-03-21 17:35:10.454004 Ping
2021-03-21 17:35:10.554553 Internet is OK
2021-03-21 17:35:10.554918 Get Token
2021-03-21 17:35:10.555123 innan token send
2021-03-21 17:35:10.606837 Status = 200
2021-03-21 17:35:10.667081 Entered CheckInternet
2021-03-21 17:35:10.667459 Ping
2021-03-21 17:35:10.854167 Internet is OK
2021-03-21 17:35:10.854514 Get Data
2021-03-21 17:35:10.854704 innan data send
2021-03-21 17:35:10.854880 innan data send
2021-03-21 17:35:10.855112 innan data send
2021-03-21 17:35:10.855349 innan data send
2021-03-21 17:35:10.855597 innan data send
2021-03-21 17:35:10.855830 innan data send
2021-03-21 17:35:10.856030 innan data send
2021-03-21 17:35:11.008986 Status = 200
2021-03-21 17:35:11.210887 Status = 200
2021-03-21 17:35:11.312254 Status = 200
2021-03-21 17:35:11.464479 Status = 200
2021-03-21 17:35:11.565442 Status = 200
2021-03-21 17:35:11.717247 Status = 200
2021-03-21 17:35:11.818951 Status = 200
2021-03-21 17:36:20.964777 onHeartbeat
2021-03-21 17:36:21.067142 Entered CheckInternet
2021-03-21 17:36:21.067513 Ping
2021-03-21 17:36:21.169287 Internet is OK
2021-03-21 17:36:21.169642 Get Token
2021-03-21 17:36:21.169844 innan token send
2021-03-21 17:36:21.222926 Status = 200
2021-03-21 17:36:21.278248 Entered CheckInternet
2021-03-21 17:36:21.278619 Ping
2021-03-21 17:36:21.376262 Internet is OK
2021-03-21 17:36:21.376611 Get Data
2021-03-21 17:36:21.376813 innan data send
2021-03-21 17:36:21.376994 innan data send
2021-03-21 17:36:21.377230 innan data send
2021-03-21 17:36:21.377469 innan data send
2021-03-21 17:36:21.377638 innan data send
2021-03-21 17:36:21.377857 innan data send
2021-03-21 17:36:21.378105 innan data send
2021-03-21 17:36:21.480631 Status = 200
2021-03-21 17:36:21.682557 Status = 200
2021-03-21 17:36:21.783994 Status = 200
2021-03-21 17:36:21.885944 Status = 200
2021-03-21 17:36:22.037186 Status = 200
2021-03-21 17:36:22.138145 Status = 200
2021-03-21 17:36:22.239042 Status = 200
2021-03-21 17:37:33.016070 onHeartbeat
2021-03-21 17:37:33.118708 Entered CheckInternet
2021-03-21 17:37:33.119109 Ping
2021-03-21 17:37:33.214210 Internet is OK
2021-03-21 17:37:33.214566 Get Token
2021-03-21 17:37:33.214771 innan token send
2021-03-21 17:37:33.267584 Status = 200
2021-03-21 17:37:33.322434 Entered CheckInternet
2021-03-21 17:37:33.322807 Ping
2021-03-21 17:37:33.419679 Internet is OK
2021-03-21 17:37:33.420025 Get Data
2021-03-21 17:37:33.420228 innan data send
2021-03-21 17:37:33.420406 innan data send
2021-03-21 17:37:33.420630 innan data send
2021-03-21 17:37:33.420789 innan data send
2021-03-21 17:37:33.420944 innan data send
2021-03-21 17:37:33.421098 innan data send
2021-03-21 17:37:33.421308 innan data send
2021-03-21 17:37:33.573872 Status = 200
2021-03-21 17:37:33.725652 Status = 200
2021-03-21 17:37:33.877115 Status = 200
2021-03-21 17:37:33.978721 Status = 200
2021-03-21 17:37:34.180123 Status = 200
2021-03-21 17:37:34.281082 Status = 200
2021-03-21 17:37:34.382038 Status = 200
2021-03-21 17:38:47.007057 onHeartbeat
2021-03-21 17:38:47.109863 Entered CheckInternet
2021-03-21 17:38:47.110258 Ping
2021-03-21 17:38:47.207715 Internet is OK
2021-03-21 17:38:47.208071 Get Token
2021-03-21 17:38:47.208276 innan token send
2021-03-21 17:38:47.261191 Status = 200
2021-03-21 17:38:47.320751 Entered CheckInternet
2021-03-21 17:38:47.321142 Ping
2021-03-21 17:38:47.416630 Internet is OK
2021-03-21 17:38:47.416977 Get Data
2021-03-21 17:38:47.417180 innan data send
2021-03-21 17:38:47.417425 innan data send
2021-03-21 17:38:47.417607 innan data send
2021-03-21 17:38:47.417781 innan data send
2021-03-21 17:38:47.417919 innan data send
2021-03-21 17:38:47.418118 innan data send
2021-03-21 17:38:47.418348 innan data send
2021-03-21 17:38:47.571951 Status = 200
2021-03-21 17:38:47.673598 Status = 200
2021-03-21 17:38:47.774977 Status = 200
2021-03-21 17:38:47.926821 Status = 200
2021-03-21 17:38:48.027780 Status = 200
2021-03-21 17:38:48.178858 Status = 200
2021-03-21 17:38:48.329865 Status = 200
2021-03-21 17:39:54.661825 onHeartbeat
2021-03-21 17:39:54.764721 Entered CheckInternet
2021-03-21 17:39:54.765128 Ping
2021-03-21 17:39:54.859427 Internet is OK
2021-03-21 17:39:54.859597 Get Token
2021-03-21 17:39:54.859682 innan token send
2021-03-21 17:39:54.920997 Status = 200
2021-03-21 17:39:54.974259 Entered CheckInternet
2021-03-21 17:39:54.974554 Ping
2021-03-21 17:39:55.068743 Internet is OK
2021-03-21 17:39:55.069096 Get Data
2021-03-21 17:39:55.069299 innan data send
2021-03-21 17:39:55.069481 innan data send
2021-03-21 17:39:55.069709 innan data send
2021-03-21 17:39:55.069872 innan data send
2021-03-21 17:39:55.070059 innan data send
2021-03-21 17:39:55.070219 innan data send
2021-03-21 17:39:55.070484 innan data send
2021-03-21 17:39:55.224896 Status = 200
2021-03-21 17:39:55.383232 Status = 200
2021-03-21 17:39:55.536676 Status = 200
2021-03-21 17:39:55.688393 Status = 200
2021-03-21 17:39:55.839185 Status = 200
2021-03-21 17:39:55.941492 Status = 200
2021-03-21 17:39:56.092143 Status = 200
2021-03-21 17:41:04.702942 onHeartbeat
2021-03-21 17:41:04.805275 Entered CheckInternet
2021-03-21 17:41:04.805648 Ping
2021-03-21 17:41:04.912304 Internet is OK
2021-03-21 17:41:04.912665 Get Token
2021-03-21 17:41:04.912869 innan token send
2021-03-21 17:41:04.965671 Status = 200
2021-03-21 17:41:05.020235 Entered CheckInternet
2021-03-21 17:41:05.020607 Ping
2021-03-21 17:41:05.112155 Internet is OK
2021-03-21 17:41:05.112499 Get Data
2021-03-21 17:41:05.112699 innan data send
2021-03-21 17:41:05.112879 innan data send
2021-03-21 17:41:05.113118 innan data send
2021-03-21 17:41:05.113367 innan data send
2021-03-21 17:41:05.113539 innan data send
2021-03-21 17:41:05.113692 innan data send
2021-03-21 17:41:05.114002 innan data send
2021-03-21 17:41:05.267710 Status = 200
2021-03-21 17:41:05.419464 Status = 200
2021-03-21 17:41:05.570825 Status = 200
2021-03-21 17:41:05.672201 Status = 200
2021-03-21 17:41:05.874110 Status = 200
2021-03-21 17:41:05.975058 Status = 200
2021-03-21 17:41:06.126095 Status = 200
2021-03-21 17:42:13.150799 onHeartbeat
2021-03-21 17:42:13.253272 Entered CheckInternet
2021-03-21 17:42:13.253636 Ping
2021-03-21 17:42:13.394304 Internet is OK
2021-03-21 17:42:13.394701 Get Token
2021-03-21 17:42:13.394911 innan token send
2021-03-21 17:42:13.497961 Status = 200
2021-03-21 17:42:13.554366 Entered CheckInternet
2021-03-21 17:42:13.554747 Ping
2021-03-21 17:42:13.643583 Internet is OK
2021-03-21 17:42:13.643838 Get Data
2021-03-21 17:42:13.643963 innan data send
2021-03-21 17:42:13.644146 innan data send
2021-03-21 17:42:13.644327 innan data send
2021-03-21 17:42:13.644502 innan data send
2021-03-21 17:42:13.644615 innan data send
2021-03-21 17:42:13.644780 innan data send
2021-03-21 17:42:13.645148 innan data send
2021-03-21 17:42:13.796871 Status = 200
2021-03-21 17:42:13.948408 Status = 200
2021-03-21 17:42:14.049813 Status = 200
2021-03-21 17:42:14.151426 Status = 200
2021-03-21 17:42:14.302816 Status = 200
2021-03-21 17:42:14.403721 Status = 200
2021-03-21 17:42:14.504628 Status = 200
2021-03-21 17:43:20.483195 onHeartbeat
2021-03-21 17:43:20.586025 Entered CheckInternet
2021-03-21 17:43:20.586396 Ping
2021-03-21 17:43:20.684931 Internet is OK
2021-03-21 17:43:20.685285 Get Token
2021-03-21 17:43:20.685488 innan token send
2021-03-21 17:43:20.738363 Status = 200
2021-03-21 17:43:20.794003 Entered CheckInternet
2021-03-21 17:43:20.794377 Ping
2021-03-21 17:43:20.886267 Internet is OK
2021-03-21 17:43:20.886548 Get Data
2021-03-21 17:43:20.886710 innan data send
2021-03-21 17:43:20.886886 innan data send
2021-03-21 17:43:20.887087 innan data send
2021-03-21 17:43:20.887287 innan data send
2021-03-21 17:43:20.887508 innan data send
2021-03-21 17:43:20.887704 innan data send
2021-03-21 17:43:20.887970 innan data send
2021-03-21 17:43:21.091268 Status = 200
2021-03-21 17:43:21.192749 Status = 200
2021-03-21 17:43:21.294144 Status = 200
2021-03-21 17:43:21.395602 Status = 200
2021-03-21 17:43:21.547521 Status = 200
2021-03-21 17:43:21.698652 Status = 200
2021-03-21 17:43:21.849652 Status = 200
2021-03-21 17:44:30.532925 onHeartbeat
2021-03-21 17:44:30.635411 Entered CheckInternet
2021-03-21 17:44:30.635800 Ping
2021-03-21 17:44:30.736251 Internet is OK
2021-03-21 17:44:30.736605 Get Token
2021-03-21 17:44:30.736830 innan token send
2021-03-21 17:44:30.838209 Status = 200
2021-03-21 17:44:30.894025 Entered CheckInternet
2021-03-21 17:44:30.894413 Ping
2021-03-21 17:44:30.985250 Internet is OK
2021-03-21 17:44:30.985592 Get Data
2021-03-21 17:44:30.985798 innan data send
2021-03-21 17:44:30.986013 innan data send
2021-03-21 17:44:30.986209 innan data send
2021-03-21 17:44:30.986402 innan data send
2021-03-21 17:44:30.986588 innan data send
2021-03-21 17:44:30.986769 innan data send
2021-03-21 17:44:30.987019 innan data send
2021-03-21 17:44:31.138724 Status = 200
2021-03-21 17:44:31.289844 Status = 200
2021-03-21 17:44:31.440879 Status = 200
2021-03-21 17:44:33.223984 Status = 200
2021-03-21 17:44:33.274731 Status = 200
2021-03-21 17:44:33.375503 Status = 200
2021-03-21 17:44:33.477347 Status = 200
2021-03-21 17:45:43.071487 onHeartbeat
2021-03-21 17:45:43.123791 Entered CheckInternet
2021-03-21 17:45:43.124159 Ping
2021-03-21 17:45:43.227297 Internet is OK
2021-03-21 17:45:43.227657 Get Token
2021-03-21 17:45:43.227894 innan token send
2021-03-21 17:45:43.330855 Status = 200
2021-03-21 17:45:43.386339 Entered CheckInternet
2021-03-21 17:45:43.386740 Ping
2021-03-21 17:45:43.488662 Internet is OK
2021-03-21 17:45:43.488826 Get Data
2021-03-21 17:45:43.488909 innan data send
2021-03-21 17:45:43.488983 innan data send
2021-03-21 17:45:43.489108 innan data send
2021-03-21 17:45:43.489235 innan data send
2021-03-21 17:45:43.489359 innan data send
2021-03-21 17:45:43.489482 innan data send
2021-03-21 17:45:43.489641 innan data send
2021-03-21 17:45:43.643247 Status = 200
2021-03-21 17:45:43.796993 Status = 200
2021-03-21 17:45:43.948164 Status = 200
2021-03-21 17:45:44.100210 Status = 200
2021-03-21 17:45:44.201159 Status = 200
2021-03-21 17:45:44.356208 Status = 200
2021-03-21 17:45:44.456928 Status = 200
2021-03-21 17:46:50.934718 onHeartbeat
2021-03-21 17:46:51.037311 Entered CheckInternet
2021-03-21 17:46:51.037618 Ping
2021-03-21 17:46:51.133796 Internet is OK
2021-03-21 17:46:51.134193 Get Token
2021-03-21 17:46:51.134401 innan token send
2021-03-21 17:46:51.187191 Status = 200
2021-03-21 17:46:51.242396 Entered CheckInternet
2021-03-21 17:46:51.242783 Ping
2021-03-21 17:46:51.340010 Internet is OK
2021-03-21 17:46:51.340356 Get Data
2021-03-21 17:46:51.340589 innan data send
2021-03-21 17:46:51.340808 innan data send
2021-03-21 17:46:51.341048 innan data send
2021-03-21 17:46:51.341217 innan data send
2021-03-21 17:46:51.341381 innan data send
2021-03-21 17:46:51.341545 innan data send
2021-03-21 17:46:51.341709 innan data send
2021-03-21 17:46:51.494531 Status = 200
2021-03-21 17:46:51.646490 Status = 200
2021-03-21 17:46:51.747876 Status = 200
2021-03-21 17:46:51.860389 Status = 200
2021-03-21 17:46:51.962189 Status = 200
2021-03-21 17:46:52.113191 Status = 200
2021-03-21 17:46:52.214154 Status = 200
2021-03-21 17:47:58.838489 onHeartbeat
2021-03-21 17:47:58.942713 Entered CheckInternet
2021-03-21 17:47:58.943082 Ping
2021-03-21 17:47:59.043776 Internet is OK
2021-03-21 17:47:59.044137 Get Token
2021-03-21 17:47:59.044339 innan token send
2021-03-21 17:47:59.146716 Status = 200
2021-03-21 17:47:59.204747 Entered CheckInternet
2021-03-21 17:47:59.205117 Ping
2021-03-21 17:47:59.303110 Internet is OK
2021-03-21 17:47:59.303475 Get Data
2021-03-21 17:47:59.303685 innan data send
2021-03-21 17:47:59.303864 innan data send
2021-03-21 17:47:59.304025 innan data send
2021-03-21 17:47:59.304252 innan data send
2021-03-21 17:47:59.304521 innan data send
2021-03-21 17:47:59.304766 innan data send
2021-03-21 17:47:59.304997 innan data send
2021-03-21 17:47:59.458751 Status = 200
2021-03-21 17:47:59.660513 Status = 200
2021-03-21 17:47:59.762055 Status = 200
2021-03-21 17:47:59.863902 Status = 200
2021-03-21 17:47:59.964896 Status = 200
2021-03-21 17:48:00.065813 Status = 200
2021-03-21 17:48:00.166704 Status = 200
2021-03-21 17:49:12.873789 onHeartbeat
2021-03-21 17:49:12.976196 Entered CheckInternet
2021-03-21 17:49:12.976580 Ping
2021-03-21 17:49:13.074845 Internet is OK
2021-03-21 17:49:13.075233 Get Token
2021-03-21 17:49:13.075472 innan token send
2021-03-21 17:49:13.128394 Status = 200
2021-03-21 17:49:13.183637 Entered CheckInternet
2021-03-21 17:49:13.184002 Ping
2021-03-21 17:49:13.276898 Internet is OK
2021-03-21 17:49:13.277237 Get Data
2021-03-21 17:49:13.277435 innan data send
2021-03-21 17:49:13.277691 innan data send
2021-03-21 17:49:13.277872 innan data send
2021-03-21 17:49:13.278159 innan data send
2021-03-21 17:49:13.278395 innan data send
2021-03-21 17:49:13.278629 innan data send
2021-03-21 17:49:13.278926 innan data send
2021-03-21 17:49:13.482193 Status = 200
2021-03-21 17:49:13.633703 Status = 200
2021-03-21 17:49:13.785592 Status = 200
2021-03-21 17:49:13.886638 Status = 200
2021-03-21 17:49:14.238128 Status = 200
2021-03-21 17:49:14.339124 Status = 200
2021-03-21 17:49:14.490158 Status = 200
2021-03-21 17:50:20.523985 onHeartbeat
2021-03-21 17:50:20.626679 Entered CheckInternet
2021-03-21 17:50:20.627045 Ping
2021-03-21 17:50:20.726524 Internet is OK
2021-03-21 17:50:20.726818 Get Token
2021-03-21 17:50:20.726981 innan token send
2021-03-21 17:50:20.777679 Status = 200
2021-03-21 17:50:20.836272 Entered CheckInternet
2021-03-21 17:50:20.836644 Ping
2021-03-21 17:50:20.934971 Internet is OK
2021-03-21 17:50:20.935324 Get Data
2021-03-21 17:50:20.935529 innan data send
2021-03-21 17:50:20.935776 innan data send
2021-03-21 17:50:20.936063 innan data send
2021-03-21 17:50:20.936310 innan data send
2021-03-21 17:50:20.936553 innan data send
2021-03-21 17:50:20.936794 innan data send
2021-03-21 17:50:20.937107 innan data send
2021-03-21 17:50:21.089114 Status = 200
2021-03-21 17:50:21.240270 Status = 200
2021-03-21 17:50:21.341309 Status = 200
2021-03-21 17:50:21.542379 Status = 200
2021-03-21 17:50:21.643335 Status = 200
2021-03-21 17:50:21.794328 Status = 200
2021-03-21 17:50:24.300504 Status = 200
2021-03-21 17:51:26.690549 onHeartbeat
2021-03-21 17:51:26.793083 Entered CheckInternet
2021-03-21 17:51:26.793553 Ping
2021-03-21 17:51:26.891306 Internet is OK
2021-03-21 17:51:26.891666 Get Token
2021-03-21 17:51:26.891870 innan token send
2021-03-21 17:51:26.948788 Status = 200
2021-03-21 17:51:27.003447 Entered CheckInternet
2021-03-21 17:51:27.003808 Ping
2021-03-21 17:51:27.104138 Internet is OK
2021-03-21 17:51:27.104478 Get Data
2021-03-21 17:51:27.104721 innan data send
2021-03-21 17:51:27.104904 innan data send
2021-03-21 17:51:27.105140 innan data send
2021-03-21 17:51:27.105382 innan data send
2021-03-21 17:51:27.105618 innan data send
2021-03-21 17:51:27.105849 innan data send
2021-03-21 17:51:27.106216 innan data send
2021-03-21 17:51:27.264696 Status = 200
2021-03-21 17:51:27.420148 Status = 200
2021-03-21 17:51:27.531173 Status = 200
2021-03-21 17:51:27.682886 Status = 200
2021-03-21 17:51:27.834710 Status = 200
2021-03-21 17:51:27.989316 Status = 200
2021-03-21 17:51:28.140306 Status = 200
2021-03-21 17:52:36.280692 onHeartbeat
2021-03-21 17:52:36.383119 Entered CheckInternet
2021-03-21 17:52:36.383490 Ping
2021-03-21 17:52:36.570121 Internet is OK
2021-03-21 17:52:36.570476 Get Token
2021-03-21 17:52:36.570682 innan token send
2021-03-21 17:52:36.623688 Status = 200
2021-03-21 17:52:36.681796 Entered CheckInternet
2021-03-21 17:52:36.682198 Ping
2021-03-21 17:52:36.783851 Internet is OK
2021-03-21 17:52:36.784223 Get Data
2021-03-21 17:52:36.784431 innan data send
2021-03-21 17:52:36.784611 innan data send
2021-03-21 17:52:36.784861 innan data send
2021-03-21 17:52:36.785020 innan data send
2021-03-21 17:52:36.785135 innan data send
2021-03-21 17:52:36.785283 innan data send
2021-03-21 17:52:36.785485 innan data send
2021-03-21 17:52:36.988723 Status = 200
2021-03-21 17:52:37.139990 Status = 200
2021-03-21 17:52:37.241384 Status = 200
2021-03-21 17:52:37.343204 Status = 200
2021-03-21 17:52:37.443994 Status = 200
2021-03-21 17:52:37.594685 Status = 200
2021-03-21 17:52:37.795789 Status = 200
2021-03-21 17:53:44.607940 onHeartbeat
2021-03-21 17:53:44.711803 Entered CheckInternet
2021-03-21 17:53:44.712192 Ping
2021-03-21 17:53:45.271578 Internet is OK
2021-03-21 17:53:45.271934 Get Token
2021-03-21 17:53:45.272134 innan token send
2021-03-21 17:53:45.323656 Status = 200
2021-03-21 17:53:45.379454 Entered CheckInternet
2021-03-21 17:53:45.379854 Ping
2021-03-21 17:53:45.472752 Internet is OK
2021-03-21 17:53:45.473100 Get Data
2021-03-21 17:53:45.473304 innan data send
2021-03-21 17:53:45.473481 innan data send
2021-03-21 17:53:45.473641 innan data send
2021-03-21 17:53:45.473911 innan data send
2021-03-21 17:53:45.474215 innan data send
2021-03-21 17:53:45.474387 innan data send
2021-03-21 17:53:45.474710 innan data send
2021-03-21 17:53:45.628223 Status = 200
2021-03-21 17:53:45.785193 Status = 200
2021-03-21 17:53:45.835754 Status = 200
2021-03-21 17:53:45.936373 Status = 200
2021-03-21 17:53:46.087894 Status = 200
2021-03-21 17:53:46.188836 Status = 200
2021-03-21 17:53:47.097300 Status = 200
2021-03-21 17:54:53.007110 onHeartbeat
2021-03-21 17:54:53.110193 Entered CheckInternet
2021-03-21 17:54:53.110564 Ping
2021-03-21 17:54:53.219230 Internet is OK
2021-03-21 17:54:53.219584 Get Token
2021-03-21 17:54:53.219785 innan token send
2021-03-21 17:54:53.272509 Status = 200
2021-03-21 17:54:53.327653 Entered CheckInternet
2021-03-21 17:54:53.328029 Ping
2021-03-21 17:54:53.421288 Internet is OK
2021-03-21 17:54:53.421635 Get Data
2021-03-21 17:54:53.421834 innan data send
2021-03-21 17:54:53.422041 innan data send
2021-03-21 17:54:53.422137 innan data send
2021-03-21 17:54:53.422301 innan data send
2021-03-21 17:54:53.422465 innan data send
2021-03-21 17:54:53.422624 innan data send
2021-03-21 17:54:53.422828 innan data send
2021-03-21 17:54:53.575834 Status = 200
2021-03-21 17:54:53.777721 Status = 200
2021-03-21 17:54:53.928700 Status = 200
2021-03-21 17:54:54.029643 Status = 200
2021-03-21 17:54:54.130889 Status = 200
2021-03-21 17:54:54.231886 Status = 200
2021-03-21 17:54:54.384088 Status = 200
2021-03-21 17:56:03.973560 onHeartbeat
2021-03-21 17:56:04.026406 Entered CheckInternet
2021-03-21 17:56:04.026670 Ping
2021-03-21 17:56:05.265117 Internet is OK
2021-03-21 17:56:05.265478 Get Token
2021-03-21 17:56:05.265684 innan token send
2021-03-21 17:56:05.420612 Status = 200
2021-03-21 17:56:05.524083 Entered CheckInternet
2021-03-21 17:56:05.524400 Ping
2021-03-21 17:56:05.616329 Internet is OK
2021-03-21 17:56:05.616669 Get Data
2021-03-21 17:56:05.616873 innan data send
2021-03-21 17:56:05.617050 innan data send
2021-03-21 17:56:05.617210 innan data send
2021-03-21 17:56:05.617438 innan data send
2021-03-21 17:56:05.617609 innan data send
